0 0.490069 0.0442877 0.0735931 0.0953757
0 0.503183 0.159895 0.0692641 0.0953757
0 0.507003 0.312649 0.025974 0.0404624
0 0.52591 0.368497 0.114719 0.0433526
0 0.510186 0.404879 0.047619 0.0549133
0 0.492361 0.484104 0.047619 0.0433526
0 0.495989 0.543778 0.0497835 0.0606936
0 0.491215 0.676216 0.0606061 0.101156
0 0.385345 0.622067 0.0627706 0.0404624
0 0.35918 0.780007 0.0562771 0.0231214
0 0.483193 0.768191 0.0649351 0.0606936
0 0.599822 0.783832 0.0995671 0.0375723
0 0.707856 0.778902 0.101732 0.0549133
0 0.478419 0.861697 0.0757576 0.118497
0 0.485358 0.958603 0.0692641 0.0606936