0 0.0928218 0.485149 0.155941 0.336634
0 0.329208 0.412541 0.321782 0.158416
0 0.554455 0.764026 0.341584 0.485149
0 0.42698 0.189769 0.0519802 0.168317
0 0.518564 0.174917 0.0816832 0.178218
0 0.554455 0.0148515 0.168317 0.029703
0 0.64604 0.189769 0.148515 0.171617
0 0.77104 0.231023 0.0519802 0.0858086
0 0.524752 0.293729 0.0792079 0.0594059
0 0.548267 0.417492 0.121287 0.168317
0 0.626238 0.377888 0.0544554 0.0561056
0 0.72896 0.430693 0.175743 0.148515
0 0.165842 0.166667 0.0544554 0.181518