0 0.202891 0.0249358 0.0614035 0.0792079
0 0.170403 0.148148 0.0614035 0.105611
0 0.160494 0.29813 0.0935673 0.112211
0 0.10575 0.451962 0.114035 0.148515
0 0.464587 0.00366703 0.0877193 0.0924092
0 0.497238 0.183168 0.0847953 0.10231
0 0.443957 0.331316 0.0497076 0.0759076
0 0.441033 0.482215 0.102339 0.0990099
0 0.610786 0.458379 0.19883 0.10231
0 0.634665 0.188852 0.0672515 0.0990099
0 0.55052 0.392923 0.0614035 0.0891089
0 0.536387 0.5022 0.0526316 0.10231
0 0.544509 0.205354 -0.0350877 0.19802
0 0.595841 0.0597726 0.0350877 0.178218
0 0.0376868 0.588009 0.0818713 0.141914
0 0.280214 0.621929 0.365497 0.158416
0 0.716862 0.645765 0.342105 0.125413
0 0.495614 0.628346 0.114035 0.141914
0 0.509259 0.868354 0.628655 0.277228