0 0.075873 0.199815 0.189243 0.156951
0 0.153679 0.322254 0.157371 0.0747384
0 0.712679 0.377957 0.262948 0.150972
0 0.175709 0.385826 0.0936255 0.0717489
0 0.920553 0.316451 0.111554 0.140508
0 0.80689 0.568408 0.231076 0.204783
0 0.489688 0.591884 0.187251 0.058296
0 0.437368 0.675064 0.0498008 0.231689
0 0.495957 0.661435 0.0498008 0.186846
0 0.547223 0.684692 0.0398406 0.212257
0 0.269452 0.591752 0.173307 0.209268
0 0.0520858 0.545854 0.113546 0.310912
0 0.624033 0.616944 0.0856574 0.192825