0 0.182155 0.132934 0.136969 0.232859
0 0.570453 0.642981 0.073137 0.177303
0 0.133007 0.567716 0.078236 0.334842
0 0.061144 0.592152 0.075798 0.371158
0 0.583419 0.972791 0.128325 0.054419
0 0.229064 0.525442 0.072474 0.299235
0 0.073238 0.918581 0.174212 0.123684
0 0.204758 0.827442 0.111036 0.505474
0 0.504629 0.509410 0.054522 0.316786
0 0.630959 0.541917 0.102394 0.369979
0 0.912874 0.880556 0.111704 0.200940
0 0.018936 0.489316 0.037873 0.137120
0 0.535546 0.342744 0.145611 0.070923
0 0.674454 0.136421 0.071144 0.271910
