0 0.080427 0.754090 0.079786 0.198581
0 0.407647 0.777197 0.067630 0.238769
0 0.448113 0.044872 0.079788 0.054376
0 0.218059 0.070284 0.083776 0.105201
0 0.318126 0.202083 0.132315 0.189124
0 0.426837 0.122295 0.131649 0.126479
0 0.464243 0.182135 0.063163 0.225962
0 0.397249 0.339788 0.068483 0.334517
0 0.500306 0.260002 0.045877 0.203312
0 0.585746 0.564376 0.146276 0.147752
0 0.557155 0.676667 0.079786 0.107564
0 0.623977 0.742269 0.177526 0.134752
0 0.825773 0.660120 0.150267 0.159573
0 0.654233 0.102201 0.110380 0.171393
0 0.736012 0.102199 0.066490 0.169030
0 0.799748 0.127274 0.056418 0.270034
0 0.822448 0.074421 0.070478 0.113474
0 0.923511 0.212130 0.099733 0.164303
0 0.043857 0.507639 0.057180 0.100474
