2 0.496997 0.846535 0.555556 0.293729
2 0.045045 0.590759 0.0960961 0.151815
2 0.303303 0.623762 0.402402 0.138614
2 0.123123 0.452145 0.0540541 0.118812
2 0.142643 0.306931 0.0750751 0.0792079
2 0.193694 0.160066 0.0570571 0.0759076
2 0.202703 0.0478548 0.0750751 0.0627063
2 0.507508 0.19802 0.0600601 0.0726073
2 0.510511 0.0610561 0.0660661 0.0627063
2 0.576577 0.0709571 0.048048 0.0561056
2 0.573574 0.191419 0.0600601 0.0990099
2 0.537538 0.333333 0.0960961 0.138614
2 0.527027 0.475248 0.0630631 0.118812
2 0.414414 0.473597 0.0780781 0.115512
2 0.684685 0.49835 0.174174 0.105611
2 0.645646 0.20297 0.0840841 0.0759076
2 0.708709 0.641914 0.288288 0.115512