2 0.515852 0.08271 0.0844156 0.083815
2 0.533359 0.244305 0.0735931 0.121387
2 0.536924 0.394424 0.0909091 0.115607
2 0.523428 0.525332 0.0995671 0.0578035
2 0.525337 0.607361 0.0779221 0.0722543
2 0.538579 0.691942 0.04329 0.0578035
2 0.536033 0.809249 0.04329 0.115607
2 0.538515 0.894509 0.0584416 0.0549133
2 0.544245 0.951292 0.0800866 0.066474
2 0.46575 0.954097 0.0606061 0.0924855
2 0.421059 0.601921 0.047619 0.0953757
2 0.641839 0.597586 0.0562771 0.0867052
2 0.642984 0.797773 0.04329 0.0722543
2 0.462885 0.791908 0.0497835 0.0809249
2 0.688184 0.229939 0.108225 0.0722543
2 0.628788 0.0891704 0.0454545 0.0491329
2 0.874332 0.597586 0.047619 0.0867052
2 0.861981 0.770486 0.04329 0.0924855
2 0.863 0.945002 0.0606061 0.0606936
2 0.822256 0.377168 0.0606061 0.0606936
2 0.816463 0.210558 0.0541126 0.0606936