2 0.319665 0.833266 0.124088 0.205198
2 0.455399 0.83045 0.155109 0.218878
2 0.575998 0.894705 0.138686 0.247606
2 0.648025 0.84079 0.149635 0.220246
2 0.407686 0.189949 0.0510949 0.0451436
2 0.464684 0.125171 0.0620438 0.0314637
2 0.463557 0.160859 0.0383212 0.0191518
2 0.462216 0.192967 0.0656934 0.0383037
2 0.617379 0.0452643 0.363139 0.116279
2 0.868345 0.252676 0.195255 0.383037
2 0.619418 0.255774 0.242701 0.302326
2 0.567894 0.488372 0.242701 0.21067
2 0.418313 0.664802 0.222628 0.0807114
2 0.685917 0.669631 0.182482 0.0807114