2 0.257426 0.569307 0.0594059 0.128713
2 0.242574 0.775578 0.049505 0.112211
2 0.221535 0.943894 0.0618812 0.105611
2 0.266089 0.372937 0.0420792 0.105611
2 0.303218 0.222772 0.0470297 0.0627063
2 0.467822 0.938944 0.049505 0.115512
2 0.554455 0.952145 0.0544554 0.118812
2 0.67203 0.945545 0.131188 0.108911
2 0.543317 0.754125 0.0915842 0.161716
2 0.550743 0.564356 0.0519802 0.105611
2 0.55198 0.389439 0.0445545 0.0792079
2 0.545792 0.231023 0.0321782 0.0660066
2 0.507426 0.566007 0.039604 0.0957096
2 0.606436 0.562706 0.049505 0.0891089
2 0.493812 0.392739 0.0420792 0.0858086
2 0.469059 0.765677 0.0346535 0.165017
2 0.638614 0.755776 0.0544554 0.132013