2 0.555195 0.24745 0.0714286 0.066474
2 0.546409 0.171455 0.0844156 0.118497
2 0.556022 0.0900204 0.047619 0.0780347
2 0.547237 0.321574 0.0606061 0.112717
2 0.546919 0.436331 0.0497835 0.083815
2 0.546409 0.569619 0.0844156 0.0375723
2 0.550102 0.645699 0.0714286 0.0809249
2 0.544372 0.724073 0.0497835 0.0404624
2 0.54068 0.791908 0.0627706 0.0809249
2 0.545837 0.895359 0.047619 0.083815
2 0.601413 0.794288 0.0627706 0.0924855
2 0.464668 0.633883 0.0584416 0.118497
2 0.465495 0.33322 0.034632 0.115607
2 0.218487 0.167715 0.034632 0.083815
2 0.224663 0.322084 0.0367965 0.106936
2 0.233766 0.49507 0.034632 0.0924855
2 0.232302 0.658705 0.0367965 0.106936
2 0.22861 0.812224 0.0497835 0.101156
2 0.788834 0.319704 0.0497835 0.0953757
2 0.794627 0.155559 0.0562771 0.0867052
2 0.80163 0.484359 0.034632 0.0982659
2 0.788834 0.632013 0.0497835 0.101156
2 0.791762 0.780602 0.0454545 0.112717