2 0.183168 0.805281 0.113861 0.349835
2 0.324257 0.689769 0.0990099 0.105611
2 0.387376 0.839934 0.116337 0.320132
2 0.55198 0.910891 0.20297 0.165017
2 0.52104 0.717822 0.180693 0.148515
2 0.621287 0.732673 0.0693069 0.158416
2 0.0457921 0.30033 0.106436 0.132013
2 0.154703 0.288779 0.111386 0.115512
2 0.162129 0.448845 0.165842 0.0660066
2 0.344059 0.265677 0.118812 0.0825083
2 0.362624 0.318482 0.101485 0.0429043
2 0.272277 0.50165 0.108911 0.0726073
2 0.40099 0.572607 0.168317 0.0759076
2 0.548267 0.551155 0.15099 0.145215
2 0.77104 0.470297 0.259901 0.0825083
2 0.530941 0.0445545 0.205446 0.0825083
2 0.412129 0.113861 0.131188 0.0957096
2 0.612624 0.227723 0.314356 0.217822
2 0.40099 0.377888 0.0742574 0.0825083