2 0.397426 0.338332 0.0625 0.114339
2 0.494191 0.292877 0.0825 0.173383
2 0.484228 0.15395 0.05375 0.0234302
2 0.409596 0.466509 0.06625 0.0862231
2 0.337279 0.551822 0.1275 0.0627929
2 0.455735 0.573819 0.035 0.113402
2 0.505662 0.532527 0.0525 0.0440487
2 0.591985 0.543194 0.1075 0.106842
2 0.567684 0.614091 0.04125 0.0880975
2 0.657794 0.143806 0.045 0.113402
2 0.392279 0.059044 0.0375 0.0431115
2 0.399191 0.166382 0.0425 0.0262418
2 0.34261 0.614725 0.10875 0.049672
2 0.275735 0.613871 0.225 0.0281162
2 0.331544 0.683417 0.0425 0.0459231