2 0.344757 0.387123 0.0497835 0.112717
2 0.397066 0.388407 0.038961 0.0895954
2 0.473425 0.37781 0.0714286 0.106936
2 0.715127 0.435934 0.0497835 0.216763
2 0.638769 0.355973 0.103896 0.0375723
2 0.821669 0.33815 0.123377 0.0404624
2 0.554353 0.271516 0.108225 0.112717
2 0.557119 0.389531 0.0800866 0.0982659
2 0.564214 0.503051 0.103896 0.106936
2 0.464045 0.597624 0.0670996 0.0520231
2 0.565296 0.691394 0.0627706 0.0982659
2 0.446729 0.689949 0.0324675 0.0953757
2 0.505892 0.708253 0.0497835 0.112717
2 0.552189 0.843449 0.0606061 0.0491329