2 0.0771065 0.28597 0.0990991 0.101351
2 0.217329 0.209857 0.0954955 0.0540541
2 0.329889 0.22806 0.117117 0.0459459
2 0.306783 0.296264 0.0666667 0.0837838
2 0.376418 0.302146 0.0702703 0.0891892
2 0.450132 0.300994 0.0396396 0.0932432
2 0.509963 0.310533 0.0702703 0.0932432
2 0.638209 0.17655 0.322523 0.143243
2 0.694012 0.299603 0.302703 0.1
2 0.346423 0.501749 0.0738739 0.0972973
2 0.427769 0.488076 0.100901 0.108108
2 0.620244 0.493641 0.12973 0.0810811
2 0.254319 0.574881 0.0846847 0.0432432
2 0.51097 0.496145 0.0468468 0.0797297
2 0.543455 0.564189 0.0990991 0.0472973