2 0.0342454 0.167094 0.0755064 0.0842541
2 0.177059 0.08284 0.290976 0.0814917
2 0.332413 0.288444 0.149171 0.0980663
2 0.511839 0.337576 0.244936 0.0621547
2 0.28817 0.401112 0.243094 0.133978
2 0.514996 0.426598 0.230203 0.127072
2 0.690125 0.548803 0.145488 0.0662983
2 0.955757 0.611517 0.104972 0.0759669
2 0.287074 0.500888 0.233886 0.070442
2 0.326975 0.594021 0.141805 0.0593923
2 0.50969 0.619245 0.191529 0.0966851
2 0.468561 0.726158 0.232044 0.0842541
2 0.640665 0.902164 0.0570902 0.0732044