0 0.229437 0.410405 0.0606061 0.16185
0 0.448052 0.384393 0.0606061 0.179191
0 0.537879 0.385838 0.0497835 0.176301
0 0.606061 0.385838 0.04329 0.17052
0 0.795455 0.374277 0.175325 0.199422
0 0.038961 0.684971 0.0865801 0.231214
0 0.177489 0.640173 0.186147 0.182081
0 0.352814 0.595376 0.147186 0.0867052
0 0.471861 0.58526 0.0909091 0.0895954
0 0.593074 0.57659 0.103896 0.0606936
0 0.599567 0.663295 0.0779221 0.083815
0 0.734848 0.575145 0.145022 0.0751445
0 0.87987 0.604046 0.0974026 0.184971
0 0.743506 0.66474 0.15368 0.0751445
0 0.963203 0.632948 0.0735931 0.179191