0 0.560662 0.554217 0.0625 0.0910308
0 0.612132 0.550161 0.0267857 0.0923695
0 0.663866 0.547681 0.0714286 0.0937082
0 0.455305 0.561619 0.0660714 0.0963855
0 0.542962 0.704741 0.132143 0.0361446
0 0.659821 0.705607 0.105357 0.0441767
0 0.524895 0.400386 0.075 0.129853
0 0.573424 0.394283 0.025 0.136546
0 0.599212 0.388653 0.0303571 0.137885
0 0.648057 0.386763 0.0482143 0.159304
0 0.394065 0.426608 0.0696429 0.100402
0 0.571586 0.648673 0.0339286 0.0468541
0 0.910294 0.706985 0.135714 0.0374833
0 0.601313 0.765375 0.0303571 0.0629183
0 0.691071 0.76821 0.0964286 0.0843373