0 0.256557 0.566219 0.0649351 0.153179
0 0.255475 0.761986 0.0627706 0.150289
0 0.267507 0.947722 0.0562771 0.106936
0 0.264579 0.374022 0.0606061 0.115607
0 0.250764 0.206647 0.0584416 0.066474
0 0.266425 0.050493 0.0541126 0.121387
0 0.557741 0.0656239 0.0714286 0.104046
0 0.580723 0.221438 0.0562771 0.130058
0 0.532022 0.391023 0.0454545 0.115607
0 0.568946 0.583305 0.0887446 0.132948
0 0.648077 0.583135 0.04329 0.0578035
0 0.727718 0.58356 0.0497835 0.0722543
0 0.917494 0.542078 0.0779221 0.118497
0 0.901133 0.362377 0.0757576 0.112717
0 0.897823 0.210898 0.0844156 0.0953757
0 0.691113 0.313584 0.190476 0.0491329
0 0.594601 0.968888 0.12987 0.0404624
0 0.926534 0.925791 0.0909091 0.124277