0 0.268971 0.259351 0.0541126 0.124277
0 0.256557 0.425026 0.0649351 0.115607
0 0.254329 0.594526 0.0757576 0.121387
0 0.238032 0.763091 0.0584416 0.118497
0 0.340654 0.126063 0.0497835 0.0549133
0 0.37917 0.428851 0.0606061 0.130058
0 0.427998 0.605151 0.0411255 0.135838
0 0.488796 0.0814349 0.116883 0.0404624
0 0.264642 0.122067 0.0454545 0.0809249
0 0.655335 0.0605236 0.134199 0.0462428
0 0.57162 0.259776 0.0584416 0.138728
0 0.569901 0.42307 0.034632 0.118497
0 0.561752 0.601411 0.0692641 0.101156
0 0.58136 0.788847 0.0779221 0.115607
0 0.658136 0.801513 0.0714286 0.106936
0 0.76095 0.789272 0.106061 0.130058