0 0.0530303 0.731214 0.0541126 0.190751
0 0.0649351 0.394509 0.0562771 0.0953757
0 0.0562771 0.179191 0.0649351 0.190751
0 0.150433 0.65896 0.114719 0.0809249
0 0.248918 0.648844 0.0865801 0.083815
0 0.170996 0.75578 0.114719 0.0809249
0 0.169913 0.16763 0.0454545 0.202312
0 0.164502 0.391618 0.0692641 0.106936
0 0.0909091 0.510116 0.0952381 0.0780347
0 0.180736 0.50578 0.0497835 0.0693642
0 0.242424 0.510116 0.04329 0.066474
0 0.29329 0.521676 0.0411255 0.0722543
0 0.357143 0.515896 0.0606061 0.0375723
0 0.37987 0.630058 0.162338 0.0751445
0 0.347403 0.736994 0.188312 0.0982659
0 0.564935 0.643064 0.0822511 0.0549133
0 0.67316 0.631503 0.0735931 0.0491329
0 0.571429 0.718208 0.0649351 0.0780347
0 0.675325 0.725434 0.0649351 0.0924855
0 0.417749 0.381503 0.038961 0.115607
0 0.444805 0.49422 0.0670996 0.0809249
0 0.334416 0.387283 0.0411255 0.109827