0 0.850649 0.613359 0.0541126 0.0578035
0 0.921958 0.6535 0.0497835 0.144509
0 0.971741 0.961143 0.0627706 0.0982659
0 0.861592 0.419236 0.0541126 0.0549133
0 0.75012 0.45745 0.134199 0.0606936
0 0.681217 0.623956 0.140693 0.0404624
0 0.314574 0.47736 0.0952381 0.0491329
0 0.200938 0.52264 0.0411255 0.101156
0 0.184945 0.723507 0.047619 0.156069
0 0.166306 0.919878 0.0584416 0.118497
0 0.626142 0.33799 0.0497835 0.0722543
0 0.753006 0.336545 0.038961 0.0693642
0 0.856542 0.319685 0.0584416 0.0549133
0 0.711881 0.711785 0.04329 0.106936
0 0.859307 0.848908 0.0735931 0.066474
0 0.811929 0.950706 0.0606061 0.083815
0 0.208273 0.359827 0.0606061 0.083815
0 0.289562 0.376525 0.0692641 0.0722543