0 0.148515 0.646865 0.0841584 0.191419
0 0.240099 0.592409 0.0841584 0.0693069
0 0.384901 0.627063 0.175743 0.125413
0 0.148515 0.414191 0.0445545 0.155116
0 0.216584 0.415842 0.0420792 0.151815
0 0.262376 0.40099 0.0445545 0.161716
0 0.335396 0.40264 0.0519802 0.184818
0 0.449257 0.392739 0.0470297 0.19802
0 0.54703 0.386139 0.116337 0.207921
0 0.764851 0.39604 0.227723 0.20462
0 0.5 0.625413 0.0346535 0.122112
0 0.618812 0.59736 0.0940594 0.0627063
0 0.706683 0.59571 0.0816832 0.0561056
0 0.810644 0.625413 0.0915842 0.122112
0 0.940594 0.625413 0.0742574 0.128713